{
 "cells": [
  {
   "cell_type": "markdown",
   "id": "0764424b",
   "metadata": {},
   "source": [
    "### Inverse of the matrix\n",
    "\n",
    "$$ A =\n",
    "\\begin{bmatrix}\n",
    "2 & 1 & 3 \\\\\n",
    "1 & 0 & 2 \\\\\n",
    "3 & 4 & 1\n",
    "\\end{bmatrix}\n",
    "$$"
   ]
  },
  {
   "cell_type": "code",
   "execution_count": 55,
   "id": "b2e7a5ea",
   "metadata": {},
   "outputs": [],
   "source": [
    "import numpy as np"
   ]
  },
  {
   "cell_type": "code",
   "execution_count": 56,
   "id": "cfa3d5cf",
   "metadata": {},
   "outputs": [],
   "source": [
    "A = np.array([[2,1,0,3,4],[1,2,1,0,2],[0,1,3,2,1],[4,0,2,0,3],[1,3,2,0,1]])"
   ]
  },
  {
   "cell_type": "code",
   "execution_count": 57,
   "id": "27bf4e0e",
   "metadata": {},
   "outputs": [],
   "source": [
    "row_3 = A[3].copy()\n",
    "row_4 = A[4].copy()\n",
    "A[4] = row_3; A[3] = row_4"
   ]
  },
  {
   "cell_type": "code",
   "execution_count": 58,
   "id": "c7b3c32d",
   "metadata": {},
   "outputs": [],
   "source": [
    "# A"
   ]
  },
  {
   "cell_type": "code",
   "execution_count": 59,
   "id": "401e4f2a",
   "metadata": {},
   "outputs": [],
   "source": [
    "n = len(A)\n",
    "aux = np.hstack((A, np.eye(n)))"
   ]
  },
  {
   "cell_type": "code",
   "execution_count": 60,
   "id": "e9f64f60",
   "metadata": {},
   "outputs": [],
   "source": [
    "for i in range(n):\n",
    "#     making diagonal elements 1\n",
    "    pivot = aux[i][i]\n",
    "    aux[i] /= pivot\n",
    "    \n",
    "#     making other elements zero\n",
    "    for j in range(n):\n",
    "        if j!=i:\n",
    "            factor = aux[j, i]\n",
    "            aux[j] -= factor * aux[i]\n",
    "\n",
    "inv_A = aux[:, n:]"
   ]
  },
  {
   "cell_type": "code",
   "execution_count": 61,
   "id": "aee03d71",
   "metadata": {},
   "outputs": [
    {
     "data": {
      "text/plain": [
       "array([[ 0.17741935, -0.86290323, -0.26612903,  0.60483871,  0.22580645],\n",
       "       [ 0.11290323, -0.18548387, -0.16935484,  0.47580645, -0.12903226],\n",
       "       [-0.20967742,  0.2016129 ,  0.31451613, -0.16935484,  0.09677419],\n",
       "       [ 0.30645161, -0.71774194,  0.04032258,  0.36290323, -0.06451613],\n",
       "       [-0.09677419,  1.01612903,  0.14516129, -0.69354839, -0.03225806]])"
      ]
     },
     "execution_count": 61,
     "metadata": {},
     "output_type": "execute_result"
    }
   ],
   "source": [
    "inv_A"
   ]
  },
  {
   "cell_type": "code",
   "execution_count": 63,
   "id": "4c350301",
   "metadata": {},
   "outputs": [
    {
     "data": {
      "text/plain": [
       "array([[ 0.17741935, -0.86290323, -0.26612903,  0.22580645,  0.60483871],\n",
       "       [ 0.11290323, -0.18548387, -0.16935484, -0.12903226,  0.47580645],\n",
       "       [-0.20967742,  0.2016129 ,  0.31451613,  0.09677419, -0.16935484],\n",
       "       [ 0.30645161, -0.71774194,  0.04032258, -0.06451613,  0.36290323],\n",
       "       [-0.09677419,  1.01612903,  0.14516129, -0.03225806, -0.69354839]])"
      ]
     },
     "execution_count": 63,
     "metadata": {},
     "output_type": "execute_result"
    }
   ],
   "source": [
    "np.linalg.inv(np.array([[2,1,0,3,4],[1,2,1,0,2],[0,1,3,2,1],[4,0,2,0,3],[1,3,2,0,1]]))"
   ]
  },
  {
   "cell_type": "code",
   "execution_count": null,
   "id": "6903bb47",
   "metadata": {},
   "outputs": [],
   "source": []
  }
 ],
 "metadata": {
  "kernelspec": {
   "display_name": "Python 3 (ipykernel)",
   "language": "python",
   "name": "python3"
  },
  "language_info": {
   "codemirror_mode": {
    "name": "ipython",
    "version": 3
   },
   "file_extension": ".py",
   "mimetype": "text/x-python",
   "name": "python",
   "nbconvert_exporter": "python",
   "pygments_lexer": "ipython3",
   "version": "3.10.12"
  }
 },
 "nbformat": 4,
 "nbformat_minor": 5
}
